3225350000501
3225350000365
3052910058319
3052910658311
5410350801502
5400247026118
2000006016119
5701125678253
5000193140946
5701125678260
3225355380707
3052910022549
3052910015961
2000006343536
3052910622541
8008310060136
3041311024696
3041311026423
304111025588
3041310031053
3052910002121
3052910602123
3052910055332
3052910655334
3052910056384
3052910001315
3052910656386
3052910601317
3052910015978
3052910615970
3052910041274
3052910641276
3052910041281
3052910641283
3107460000490
13217690028960
3012996012001
13012996012008
